Network Id
991126036619705501
991084696369705501
991035624659705501
991040006549705501
991070155279705501
991053934839705501
991014224959705501
991141621399705501
991128905349705501
991101483099705501
991085660939705501
991127495909705501
991141840659705501
991096325369705501
991157641999705501
991084471529705501
991046275739705501
991085770849705501
991079931569705501
991126332159705501
991032621529705501
991141896629705501
991153483829705501
991029917859705501
991157816359705501
991122386969705501
991157730849705501
991070377439705501
991097668469705501
991126590169705501
991014835849705501
991014718709705501
991064546619705501
991028249899705501
991160124619705501
991111533039705501
991126535759705501
991014805029705501
991085602549705501
991085602449705501
991102002649705501
991157710349705501
991095199359705501
991126620089705501
991142128739705501
991009181039705501
991015052309705501
991081323749705501
991128636769705501
991157895059705501
991015006489705501
991014994049705501
991117813659705501
991070643129705501
991102182859705501
991082789909705501
991102594869705501
991148324689705501
991142294479705501
991073481709705501
991086337029705501
991142524539705501
991036045579705501
991158175999705501
991092592429705501
991015427899705501
991098037149705501
991054559109705501
991054557859705501
991113793989705501
991015424729705501
991158193909705501
991070827999705501
991069643889705501
991010180619705501
991051324229705501
991142456709705501
991102819719705501
991051390799705501
991091472099705501
991127495729705501
991035216639705501
991030680699705501
991034740979705501
991110647759705501
991099990139705501
991122985729705501
991148953259705501
991082247609705501
991123163779705501
991035610519705501
991154921429705501
991030769909705501
991019965649705501
991112367099705501
991111885439705501
991095477659705501
991096831399705501
991018234019705501
991030225959705501
991108068439705501
991057871339705501
991139543689705501
991159994469705501
991123913569705501
991153047949705501
991083522489705501
991067877159705501
991057880899705501
991067746299705501
991083984079705501
991156313389705501
991108982599705501
991041410559705501
991156122329705501
991016047539705501
991068606629705501
991011383839705501
991098323559705501
991147660009705501
991042227049705501
991129624069705501
991045984399705501
991018098649705501
991138142409705501
991064124609705501
991032948369705501
991026367999705501
991027200969705501
991021003269705501
991026632129705501
991034639429705501
991074350919705501
991075754509705501
991032488479705501
991147836789705501
991129818049705501
991042492079705501
991113979559705501
991121388129705501
991072666749705501
991147782899705501
991094434029705501
991075696679705501
991146065409705501
991059762359705501
991014742819705501
991036940559705501
991160971459705501
991085975199705501
991078050239705501
991002644389705501
991060119049705501
991042874299705501
991110634979705501
991114466129705501
991155174529705501
991094633959705501
991099074259705501
991101610599705501
991114980909705501
991098915439705501
991151351099705501
991117986629705501
991077092539705501
991115060339705501
991003199389705501
991060537179705501
991115204949705501
991060814819705501
991145697949705501
991115623269705501
991115802019705501
991154793679705501
991003978609705501
991071521609705501
991027896589705501
991005742849705501
991048289879705501
991044229799705501
991001418219705501
991043626399705501
991028112319705501
991089385249705501
991061281439705501
991003984919705501
991131502839705501
991077297559705501
991108862779705501
991099730539705501
991131354019705501
991061757929705501
991081824279705501
991002124509705501
991003975439705501
991008649659705501
991160332149705501
991065173149705501
991160332639705501
991131676439705501
991114091359705501
991125981949705501
991099938769705501
991131462209705501
991004324179705501
991099850559705501
991104422169705501
991099752149705501
991158033779705501
991027793229705501
991061273009705501
991044068369705501
991158187439705501
991061575359705501
991149463439705501
991001692929705501
991004215239705501
991131364249705501
991035087429705501
991024963599705501
991149617639705501
991084639789705501
991069238189705501
991099833409705501
991043907349705501
991149643729705501
991040960359705501
991115561509705501
991034665709705501
991028149009705501
991004298919705501
991061307719705501
991115913569705501
991061860809705501
991037370649705501
991028357859705501
991042496179705501
991051005359705501
991031777969705501
991061703159705501
991006663869705501
991044505039705501
991061815749705501
991074585069705501
991028341299705501
991116268229705501
991131768049705501
991131677869705501
991077626929705501
991077611619705501
991057340949705501
991004828149705501
991013646859705501
991028177149705501
991135353349705501
991004865799705501
991131655409705501
991116152779705501
991099925419705501
991151376039705501
991074970079705501
991061187929705501
991131815489705501
991107280019705501
991131913009705501
991077666149705501
991044587779705501
991092580309705501
991028429439705501
991055624309705501
991104430389705501
991133622729705501
991077930869705501
991113521099705501
991017031789705501
991037544999705501
991004811229705501
991077936289705501
991135092829705501
991077826279705501
991132807059705501
991158643199705501
991072702619705501
991121525419705501
991004802909705501
991044583519705501
991159874599705501
991089939809705501
991028504389705501
991133368429705501
991100292569705501
991076668829705501
991149959669705501
991044400469705501
991061764829705501
991136486609705501
991156708799705501
991080914599705501
991074380529705501
991128261849705501
991042654309705501
991013079839705501
991018709839705501
991116725189705501
991101637189705501
991009549279705501
991100848219705501
991078444059705501
991155784929705501
991100999739705501
991150792629705501
991062737649705501
991078976959705501
991076113599705501
991062453379705501
991101209259705501
991116957139705501
991101059639705501
991154253879705501
991117007659705501
991101242279705501
991117022149705501
991116850809705501
991151045929705501
991069825779705501
991103186179705501
991087702219705501
991030669339705501
991090536309705501
991029578599705501
991007405779705501
991068701719705501
991111743679705501
991001724949705501
991079022299705501
991034536579705501
991101629769705501
991029603539705501
991083526549705501
991010103079705501
991029595129705501
991151192219705501
991009432599705501
991120319859705501
991079334819705501
991019889429705501
991045954349705501
991045924929705501
991006372199705501
991063380019705501
991151617529705501
991102057779705501
991067583979705501
991101681809705501
991108309969705501
991021021689705501
991154653449705501
991086943349705501
991022148589705501
991024995009705501
991101786749705501
991118098109705501
991102331799705501
991058492779705501
991133859439705501
991134008259705501
991112415009705501
991071554819705501
991046265769705501
991097290289705501
991063791839705501
991047768349705501
991102416799705501
991022156339705501
991079923329705501
991152163779705501
991079707569705501
991007722819705501
991099020639705501
991052744549705501
991007480659705501
991157680849705501
991095634929705501
991080733049705501
991134826049705501
991047504479705501
991012415249705501
991086967559705501
991153298989705501
991035720479705501
991009294669705501
991081698899705501
991063529509705501
991105640799705501
991065589539705501
991135955599705501
991077888399705501
991027367929705501
991055606399705501
991032336589705501
991145544319705501
991145550579705501
991010657279705501
991009396109705501
991073964049705501
991088050939705501
991139318759705501
991087442339705501
991059156049705501
991042013799705501
991118162759705501
991134804499705501
991104850849705501
991134365929705501
991149029949705501
991031219819705501
991019325939705501
991108277729705501
991130348859705501
991048747129705501
991138814859705501
991104718099705501
991048896669705501
991116843009705501
991092039069705501
991010174599705501
991032953099705501
991079224779705501
991151419239705501
991007965699705501
991107899929705501
991025062599705501
991050313479705501
991050257939705501
991054084809705501
991034549939705501
991065884519705501
991107166789705501
991082052369705501
991094573349705501
991131314859705501
991034610909705501
991117955269705501
991147304869705501
991059417259705501
991116254579705501
991081278379705501
991134587609705501
991112851009705501
991142933009705501
991047201189705501
991077421639705501
991029241529705501
991147284869705501
991060421289705501
991133960999705501
991078552609705501
991110838549705501
991007291299705501
991071541599705501
991105820139705501
991160447699705501
991107645349705501
991151336039705501
991142243879705501
991007826099705501
991028910879705501
991088214599705501
991017608139705501
991073502099705501
991024894949705501
991113721729705501
991124030329705501
991129561069705501
991014585059705501
991033153949705501
991083728349705501
991160794059705501
991124224649705501
991073726409705501
991118755099705501
991062520059705501
991006527319705501
991014491129705501
991096965299705501
991120615479705501
991010015159705501
991148568479705501
991135125489705501
991050906899705501
991033807749705501
991013954959705501
991152153739705501
991016926539705501
991059232179705501
991006772139705501
991127345649705501
991103493949705501
991145647459705501
991001925439705501
991091012099705501
991090761809705501
991027515279705501
991058375599705501
991158409679705501
991082054469705501
991158842959705501
991022594809705501
991022078009705501
991034162359705501
991133128929705501
991038008789705501
991132867689705501
991038576339705501
991074705949705501
991121691759705501
991067267369705501
991082418149705501
991038681799705501
991019464429705501
991150163939705501
991138017519705501
991084746879705501
991086434319705501
991106573379705501
991138947549705501
991131447909705501
991067800879705501
991152073229705501
991107539489705501
991044296209705501
991020687739705501
991017812329705501